%YAML:1.0
---
camera_matrix: !!opencv-matrix
   rows: 3
   cols: 3
   dt: d
   data: [ 952.81406601872584, 0., 732.18683003168837, 0.,
       952.02929653328999, 542.92162318744727, 0., 0., 1. ]
distortion_coefficients: !!opencv-matrix
   rows: 1
   cols: 5
   dt: d
   data: [ 0.17910084889962746, -0.44269420195337589,
       0.00011751932077816907, 0.00018395616483189749,
       0.48271010253720598 ]

